target_t1:
  colsample_bytree: 0.6098310290228804
  gamma: 2.1462440684546475
  learning_rate: 0.010080305529862268
  max_depth: 3
  min_child_weight: 4
  n_estimators: 483
  subsample: 0.6321579967957595
target_t3:
  colsample_bytree: 0.6475230766423709
  gamma: 0.8973533147244022
  learning_rate: 0.019362032923553422
  max_depth: 3
  min_child_weight: 5
  n_estimators: 257
  subsample: 0.6238170989964411
target_t5:
  colsample_bytree: 0.8691234062218222
  gamma: 1.1225893890879728
  learning_rate: 0.012472377637984935
  max_depth: 3
  min_child_weight: 7
  n_estimators: 299
  subsample: 0.6517678364641275
target_t7:
  colsample_bytree: 0.8141187082336959
  gamma: 0.8160805204881525
  learning_rate: 0.011171865189446692
  max_depth: 3
  min_child_weight: 4
  n_estimators: 679
  subsample: 0.626694531032371
