colsample_bytree: 0.6285139763081617
learning_rate: 0.08978047015580418
max_depth: 14
metric: mse
min_child_samples: 47
min_split_gain: 0.03694225670838584
num_leaves: 25
objective: regression
reg_alpha: 0.9876998569362422
reg_lambda: 0.1714334676409732
subsample: 0.7447978307600195
