colsample_bytree: 0.9380315662209779
gamma: 0.04101933435415308
learning_rate: 0.01021190301447504
max_depth: 4
min_child_weight: 9
n_estimators: 825
subsample: 0.7317640114054682
